[INFO] CCR=1.719  within=0.0725  between=0.1246
[INFO] KCR=0.164  within_rv=38.96 km/s  between_rv=6.39 km/s
[INFO] KW(RV) H=1441.906  p=0.0
[INFO] RESULT: KCR<1 kinematics mixed
[INFO] Coherent groups (<0.05 dex): 42/543
[INFO] Plot saved: t6b_umap_cluster_plot.png
[INFO] Results saved: t6b_umap_cluster.csv
[INFO] === T6b SUMMARY ===
[INFO] Method: UMAP+HDBSCAN
[INFO] N groups: 543  |  N stars: 78119
[INFO] CCR=1.719  [SIGNAL]
[INFO] KCR=0.164  [MIXED]
[INFO] Coherent groups (<0.05 dex): 42/543
[INFO] DONE
[INFO] === 42 COHERENT GROUPS (C/O std < 0.05 dex) ===
[INFO]  group   N  C_O_mean  C_O_std  intrinsic_scatter  feh_mean  feh_std  rv_mean    rv_std
    26 156    0.4368   0.0261                0.0    -0.260    0.033    -1.50 36.680000
     8  55    0.5085   0.0265                0.0     0.005    0.022     2.26 35.700001
    65  62    0.4101   0.0275                0.0    -0.314    0.041    -1.62 42.049999
   134 454    0.1435   0.0317                0.0    -0.625    0.114    22.02 72.900002
     4 141    0.4500   0.0377                0.0    -0.162    0.057     4.29 35.340000
    41  54    0.3086   0.0384                0.0    -0.526    0.038     5.20 55.610001
     5  65    0.4735   0.0402                0.0    -0.168    0.047     6.04 32.299999
     9 456    0.4617   0.0406                0.0    -0.170    0.047     1.75 37.950001
    96  88    0.1530   0.0406                0.0    -0.700    0.204    23.83 56.060001
   135 104    0.2251   0.0413                0.0    -0.453    0.078    16.77 62.150002
    23  73    0.4040   0.0413                0.0    -0.348    0.056    -3.78 38.790001
    86  80    0.5955   0.0430                0.0     0.071    0.066    13.87 43.009998
   343  77    0.4377   0.0436                0.0     0.018    0.059     5.40 35.799999
    22  64    0.1464   0.0437                0.0    -0.868    0.138    23.90 87.190002
    94 183    0.4614   0.0439                0.0    -0.145    0.046     2.43 36.669998
    14 119    0.5158   0.0440                0.0     0.053    0.030    -2.02 35.160000
    25  68    0.4593   0.0441                0.0    -0.154    0.048     9.22 32.610001
    64  68    0.4038   0.0441                0.0    -0.277    0.093    -1.36 41.419998
   408  55    0.4328   0.0453                0.0     0.049    0.050     4.61 29.410000
    85  53    0.4110   0.0458                0.0    -0.379    0.050    24.50 52.459999
   479  80    0.4224   0.0467                0.0    -0.066    0.041     4.52 31.299999
   296  65    0.4499   0.0468                0.0    -0.176    0.059     0.07 35.150002
   214  82    0.4444   0.0472                0.0    -0.135    0.041     3.57 35.220001
    40  93    0.4533   0.0473                0.0    -0.286    0.078     5.15 31.770000
   455  88    0.5522   0.0474                0.0     0.050    0.044    -6.77 33.410000
   128  64    0.2752   0.0474                0.0    -0.439    0.177     6.56 51.880001
   188 308    0.2568   0.0476                0.0    -0.512    0.104    20.49 60.009998
   136 308    0.1976   0.0478                0.0    -0.509    0.101    13.98 64.820000
   410  91    0.3827   0.0480                0.0    -0.014    0.068     1.19 25.459999
    18  93    0.4544   0.0481                0.0    -0.094    0.036    -7.92 33.759998
   150  62    0.2880   0.0482                0.0    -0.504    0.128    15.01 50.639999
   430  63    0.3783   0.0483                0.0     0.022    0.059    -0.32 36.939999
   256 106    0.5317   0.0484                0.0     0.049    0.057     7.96 35.130001
   219 113    0.4001   0.0486                0.0    -0.109    0.046    12.70 37.860001
   153  60    0.1833   0.0489                0.0    -0.413    0.068     3.55 52.119999
    50  97    0.4566   0.0489                0.0     0.043    0.085    -3.10 30.730000
   252  91    0.4847   0.0489                0.0    -0.175    0.059     6.16 36.490002
   531 101    0.6412   0.0491                0.0     0.161    0.078     4.91 31.500000
   384  60    0.3688   0.0494                0.0    -0.026    0.059    10.55 30.980000
   376  54    0.3699   0.0495                0.0    -0.008    0.061     1.60 36.160000
   106  50    0.3169   0.0497                0.0    -0.419    0.062    -5.55 45.189999
   500 140    0.4321   0.0497                0.0     0.031    0.059    -2.53 32.740002
[INFO] Coherent star members saved: t6b_coherent_stars.csv  N=4744
[INFO] Kinematically cold coherent groups (RV std < 5 km/s): 0
