[INFO] Loading GALAH DR4...
[INFO] Raw rows: 917588
[INFO] After quality cuts: 214104
[INFO] After C/O filter: 212128
[INFO] Fetching Cantat-Gaudin 2020 from VizieR...
[INFO] CG20 clusters: 2017
[INFO] CG20 columns: ['Cluster', 'RA_ICRS', 'DE_ICRS', 'r50', 'nbstars07', 'pmRA*', 'pmDE', 'plx', 'Flag', 'AgeNN', 'AVNN', 'DMNN', 'DistPc', 'X', 'Y', 'Z', 'Rgc', 'SimbadName', '_RA.icrs', '_DE.icrs']
[INFO] Mapped: RA=RA_ICRS Dec=DE_ICRS Name=Cluster pmRA=pmRA* age=None
[INFO] Clusters with positions: 2017
[INFO] Spatial crossmatch GALAH <-> CG20 (r<0.5 deg)...
[INFO] Field matches (positional): 10573
[INFO] Merged table: 10573 star-cluster pairs
[INFO] Computing per-cluster statistics...
[INFO] Clusters with >=3 members: 655
[INFO]           cluster  N  C_O_mean  C_O_std  intrinsic_scatter  feh_mean  feh_std  rv_mean  rv_std
         NGC_2362  3    0.4903   0.0030             0.0000    -0.001    0.177    50.19   20.12
        Alessi_15  4    0.4456   0.0122             0.0000    -0.117    0.115    31.43   37.01
       Melotte_25  3    0.4542   0.0229             0.0000    -0.159    0.164    56.61   19.86
      Trumpler_35  6    0.4146   0.0249             0.0000    -0.085    0.155    15.72   22.33
    Collinder_268  3    0.5135   0.0262             0.0000     0.014    0.238   -38.04   37.67
         FSR_1085  3    0.4045   0.0291             0.0000    -0.205    0.168    67.20   39.88
           UBC_80  4    0.3686   0.0298             0.0000    -0.183    0.117    56.97   16.15
          UBC_291  6    0.4917   0.0305             0.0000     0.102    0.112    -8.14   22.24
       Tombaugh_2  5    0.4527   0.0309             0.0000    -0.141    0.135    86.73   23.25
         NGC_5460 16    0.4138   0.0318             0.0000     0.057    0.130     1.86   28.84
        Pismis_21 11    0.2142   0.0329             0.0000    -0.046    0.285   -21.08   27.76
         NGC_2660  6    0.3990   0.0336             0.0000    -0.154    0.198    28.68   27.19
         NGC_2547  7    0.4762   0.0347             0.0000    -0.022    0.091    31.28   27.91
          ASCC_41  5    0.4606   0.0356             0.0000    -0.190    0.217    39.76   34.10
         NGC_2658  4    0.4574   0.0362             0.0000    -0.187    0.164    39.79   15.55
         DBSB_101  6    0.5400   0.0367             0.0000    -0.009    0.205    10.79   39.17
         NGC_5269  4    0.5134   0.0369             0.0000     0.064    0.143   -32.53   15.96
         NGC_5281  3    0.5490   0.0380             0.0000     0.070    0.119   -34.42   14.34
         NGC_2335  4    0.4180   0.0384             0.0000    -0.109    0.233    38.88   19.34
         FSR_1591  6    0.4355   0.0388             0.0000    -0.085    0.126     0.39   34.01
       Czernik_25  4    0.3805   0.0390             0.0000    -0.238    0.133    58.49   23.93
         NGC_5381  5    0.4140   0.0397             0.0000     0.001    0.172   -27.94   24.66
        Pismis_20  7    0.2145   0.0398             0.0000    -0.024    0.358   -32.30   19.04
          UBC_549  3    0.3513   0.0402             0.0000     0.053    0.038   -20.51   18.32
         NGC_6645  7    0.4390   0.0416             0.0000     0.012    0.205   -13.49   37.52
     Ruprecht_100  4    0.4300   0.0428             0.0000    -0.053    0.130     4.37   33.80
           BH_217  3    0.4580   0.0430             0.0000     0.069    0.072   -15.81   12.20
         NGC_6756  6    0.4746   0.0433             0.0000     0.044    0.121   -24.52   37.32
    Collinder_205  6    0.5174   0.0435             0.0000     0.067    0.251    37.97   30.22
          UBC_495  3    0.4575   0.0437             0.0000    -0.090    0.199    21.94    3.05
         NGC_2301  4    0.4162   0.0441             0.0000    -0.184    0.164    52.94   18.51
          UBC_622 16    0.4217   0.0441             0.0000    -0.118    0.171    38.28   34.68
        Haffner_4  4    0.4697   0.0474             0.0000     0.021    0.055    57.92   27.61
         NGC_5822  6    0.4627   0.0477             0.0000     0.073    0.121   -37.02   28.64
            BH_23 12    0.3487   0.0501             0.0000    -0.164    0.165    29.83   29.45
            BH_56  4    0.4130   0.0503             0.0000    -0.099    0.147    12.58   20.39
          UBC_552  9    0.4987   0.0503             0.0000     0.105    0.153   -14.56   28.78
          DBSB_43 11    0.3879   0.0514             0.0000    -0.047    0.156    22.74   22.89
      Trumpler_15  4    0.3803   0.0515             0.0000    -0.008    0.107    -4.50   21.78
      Berkeley_39 14    0.3712   0.0526             0.0000    -0.154    0.211    13.44   21.32
       ESO_226_06  5    0.3692   0.0532             0.0000    -0.061    0.156   -18.53   20.06
       Gulliver_7  7    0.3896   0.0543             0.0000    -0.100    0.146    14.30   19.71
      Ruprecht_77  7    0.3896   0.0543             0.0000    -0.100    0.146    14.30   19.71
          UBC_296  4    0.3501   0.0544             0.0000    -0.095    0.162   -29.54   29.07
          UBC_618 11    0.3740   0.0545             0.0000    -0.207    0.130    43.02   34.88
          Pozzo_1 14    0.3691   0.0546             0.0000    -0.180    0.187    36.97   23.51
          UBC_312  5    0.4707   0.0555             0.0000     0.051    0.180   -43.06   35.98
          UBC_277 14    0.3298   0.0557             0.0000    -0.172    0.232   -19.51   26.66
          UBC_479 18    0.4199   0.0563             0.0000    -0.105    0.164    38.12   25.20
          UPK_526  9    0.4235   0.0564             0.0000    -0.116    0.179    43.18   26.98
     Ruprecht_105  7    0.4893   0.0576             0.0000    -0.078    0.208   -15.96   31.62
          UPK_436 16    0.3986   0.0580             0.0000    -0.207    0.213    48.18   24.93
          Hogg_15  3    0.3835   0.0588             0.0000    -0.150    0.221   -17.26    3.81
         NGC_4609  3    0.3835   0.0588             0.0000    -0.150    0.221   -17.26    3.81
           UPK_18  5    0.4094   0.0592             0.0000     0.045    0.126    -2.97   18.42
         FSR_1171 15    0.3842   0.0594             0.0000    -0.127    0.215    39.28   28.70
          UBC_100  4    0.2410   0.0596             0.0000    -0.237    0.418   -20.94   44.24
           BH_211 12    0.5065   0.0596             0.0000     0.050    0.136   -28.88   41.12
         NGC_2925 15    0.4206   0.0606             0.0000    -0.038    0.144    32.93   18.89
      Trumpler_20 11    0.4933   0.0607             0.0000     0.058    0.056   -33.26   19.19
          LP_2210  7    0.4090   0.0611             0.0000    -0.116    0.259   -41.89   24.52
         NGC_2910 14    0.3867   0.0617             0.0000    -0.083    0.163    17.55   32.54
          UBC_651  5    0.4897   0.0618             0.0000    -0.007    0.055     4.12   16.76
          UPK_442 15    0.4235   0.0618             0.0000    -0.112    0.185    40.59   41.53
         NGC_2254 12    0.3751   0.0619             0.0000    -0.079    0.139    41.24   31.93
          UBC_490 16    0.4207   0.0621             0.0000    -0.027    0.148    33.64   22.81
         FSR_1361 10    0.4188   0.0622             0.0000    -0.083    0.232    43.95   34.71
        Bochum_11 10    0.4034   0.0624             0.0000    -0.063    0.111    11.73   25.35
          UPK_457 13    0.4046   0.0624             0.0000    -0.202    0.192    38.90   27.93
         NGC_6716  4    0.4215   0.0625             0.0255    -0.012    0.105   -48.45   29.71
       Teutsch_38 15    0.3817   0.0629             0.0000    -0.084    0.163    39.00   29.56
          UBC_650 10    0.3661   0.0629             0.0000    -0.182    0.212    28.03   19.63
       Teutsch_85 13    0.4112   0.0634             0.0000     0.057    0.152   -22.30   29.89
        Pismis_12  3    0.4415   0.0641             0.0000    -0.023    0.047    21.77   12.86
          DBSB_60  8    0.3597   0.0643             0.0000    -0.081    0.246     3.66   20.61
          UBC_559 12    0.4493   0.0643             0.0000     0.042    0.179   -11.36   25.63
         FSR_1509  4    0.3572   0.0649             0.0000     0.012    0.107     8.48   21.41
            BH_72 15    0.3965   0.0651             0.0000    -0.070    0.160    21.53   29.10
       Ferrero_11 12    0.3907   0.0653             0.0000    -0.157    0.174    52.16   24.14
          UBC_254 13    0.4225   0.0656             0.0000    -0.010    0.202    25.21   23.11
          UBC_491 17    0.3987   0.0659             0.0000    -0.060    0.153    24.12   28.28
      Ruprecht_98 15    0.4440   0.0663             0.0000     0.000    0.184   -26.59   26.24
         NGC_5168 16    0.4398   0.0666             0.0000     0.009    0.149   -22.75   33.50
          UBC_443 18    0.3909   0.0668             0.0000    -0.166    0.158    53.47   23.79
          UBC_461  6    0.3968   0.0671             0.0000    -0.137    0.200    85.15   16.63
          IC_2714 11    0.3809   0.0677             0.0000    -0.079    0.181    -4.00   18.25
      Ruprecht_58 27    0.3893   0.0686             0.0000    -0.143    0.171    48.29   24.72
           BH_151 12    0.4031   0.0696             0.0000    -0.006    0.155   -39.53   20.92
          UBC_499 17    0.4610   0.0697             0.0000    -0.109    0.174    -2.56   16.22
          UBC_301 12    0.4026   0.0698             0.0000    -0.006    0.276   -33.44   25.60
         NGC_2682 41    0.4490   0.0698             0.0000    -0.037    0.108    34.65   13.01
         NGC_2516 15    0.3437   0.0700             0.0000    -0.181    0.208    11.68   23.80
         NGC_2539 22    0.4516   0.0703             0.0000     0.033    0.119    33.21   18.95
          UBC_476  8    0.4799   0.0706             0.0000    -0.176    0.179    52.75   17.07
         NGC_5617  5    0.3562   0.0707             0.0000    -0.030    0.231   -31.89   12.58
     Collinder_69  3    0.1701   0.0707             0.0391     0.102    0.203    18.53   19.66
       Teutsch_13 13    0.4062   0.0709             0.0000    -0.220    0.149    42.12   28.15
     Ruprecht_119 26    0.4647   0.0709             0.0000     0.026    0.162   -26.55   33.69
          UBC_553  7    0.4715   0.0712             0.0000     0.139    0.085   -18.42   24.11
       ESO_130_06  3    0.4913   0.0712             0.0437    -0.011    0.152    -6.34   23.83
         FSR_0088 19    0.4670   0.0713             0.0000     0.040    0.129    11.74   23.80
      Gulliver_46 10    0.4320   0.0716             0.0000     0.045    0.116   -22.03   15.18
           UPK_33 13    0.4323   0.0717             0.0000     0.082    0.147     8.97   21.32
      Ruprecht_18 28    0.3384   0.0717             0.0000    -0.147    0.174    61.73   30.85
      Gulliver_50  5    0.3976   0.0722             0.0000    -0.037    0.118     3.48   29.34
          UBC_627 10    0.3806   0.0723             0.0000    -0.142    0.162    39.64   21.47
         NGC_4349  8    0.4325   0.0724             0.0000     0.035    0.119   -23.94   16.45
         NGC_6520  3    0.7066   0.0728             0.0000     0.309    0.150      NaN     NaN
       ESO_312_04 13    0.4160   0.0730             0.0000    -0.006    0.127    37.26   18.64
       Dolidze_32 15    0.4347   0.0733             0.0000     0.088    0.135     8.33   17.81
         NGC_6649  4    0.5353   0.0733             0.0000     0.017    0.092    -5.95   21.61
      Berkeley_20  5    0.4584   0.0735             0.0000    -0.034    0.208    14.16   22.42
          UBC_347  4    0.4289   0.0736             0.0000     0.145    0.115   -15.42   38.79
          LP_2220  9    0.3636   0.0736             0.0000    -0.120    0.213    46.34   15.44
          UBC_259 18    0.4094   0.0738             0.0000    -0.077    0.150     2.21   15.44
            BH_66  8    0.3865   0.0738             0.0000    -0.028    0.193    23.85   19.18
    Collinder_220  6    0.4515   0.0742             0.0000     0.094    0.085    13.65   21.80
          UBC_470 14    0.4088   0.0742             0.0000    -0.158    0.143    51.12   32.52
         FSR_1363 21    0.4305   0.0743             0.0000    -0.127    0.140    51.15   25.58
          UBC_558  7    0.5084   0.0744             0.0000     0.103    0.132   -19.70   32.92
         FSR_1260 14    0.4335   0.0744             0.0000    -0.142    0.135    44.94   20.83
          UBC_664  6    0.4062   0.0744             0.0000    -0.012    0.213   -28.83   19.61
          ASCC_67 12    0.3721   0.0745             0.0000    -0.007    0.231   -10.59   33.61
       Czernik_30  5    0.3087   0.0746             0.0000    -0.318    0.216    54.20   14.17
           LP_597  7    0.5216   0.0748             0.0000     0.053    0.161   -32.32   22.14
         NGC_6318 10    0.4481   0.0748             0.0000     0.028    0.186    -9.14   31.69
      Berkeley_73 13    0.3682   0.0751             0.0000    -0.281    0.186    62.77   30.15
        Pismis_23  6    0.4742   0.0751             0.0000    -0.036    0.213   -45.33   43.03
          UBC_302  7    0.3752   0.0754             0.0000    -0.085    0.328   -26.96   30.24
         NGC_5662 12    0.4351   0.0757             0.0148     0.051    0.108   -28.71   23.85
          IC_2581 11    0.4420   0.0760             0.0000     0.028    0.170    13.91   23.13
          UPK_549  5    0.4207   0.0763             0.0000    -0.013    0.089     3.42   21.02
         FSR_1297 23    0.3917   0.0769             0.0000    -0.150    0.153    59.65   27.89
    Collinder_115 17    0.3273   0.0770             0.0000    -0.211    0.191    33.87   28.05
          UPK_508 11    0.3387   0.0770             0.0000    -0.111    0.174    47.07   38.04
           BH_132  4    0.4474   0.0772             0.0000     0.159    0.042   -10.86   17.10
    Collinder_135 31    0.4071   0.0777             0.0000    -0.210    0.220    38.02   22.78
      Berkeley_33  9    0.3255   0.0777             0.0000    -0.165    0.129    53.01   25.47
       ESO_166_04  5    0.3129   0.0779             0.0000    -0.150    0.339    13.94   23.85
          UBC_107  4    0.5661   0.0781             0.0000     0.178    0.127   -13.18    6.12
       ESO_371_25 16    0.3240   0.0784             0.0000    -0.064    0.171    46.70   22.86
         NGC_3228 30    0.5002   0.0786             0.0000    -0.070    0.173    14.22   27.64
          UBC_229  5    0.4098   0.0789             0.0000    -0.056    0.103    61.30   20.81
       Juchert_13 11    0.3665   0.0789             0.0000     0.011    0.235    -4.35   20.05
       ESO_134_12  4    0.3092   0.0791             0.0000     0.021    0.144   -35.06   18.77
          UBC_326  5    0.5933   0.0796             0.0000     0.091    0.174   -27.70   21.38
          UPK_560 25    0.4239   0.0796             0.0000    -0.113    0.243    25.14   23.77
          UBC_518  5    0.5395   0.0798             0.0000     0.136    0.112    -1.12   28.78
          LP_2059 21    0.3973   0.0799             0.0000    -0.040    0.146     9.09   22.06
         NGC_2112 29    0.3661   0.0800             0.0000    -0.115    0.210    25.33   26.64
         NGC_2533 24    0.3436   0.0803             0.0000    -0.192    0.202    50.17   25.42
          UBC_528 18    0.4238   0.0804             0.0000     0.010    0.142   -40.14   16.13
      Berkeley_22 15    0.2460   0.0805             0.0309    -0.209    0.220    29.65   37.16
         NGC_3766  8    0.4990   0.0806             0.0000     0.110    0.198    11.48   20.02
          ASCC_71 13    0.3780   0.0806             0.0000    -0.071    0.156   -13.83   29.04
          UBC_529 10    0.4172   0.0815             0.0000     0.025    0.179   -39.87   23.01
    Collinder_261 64    0.4496   0.0815             0.0000    -0.049    0.137   -23.63   14.58
         NGC_6694  7    0.4429   0.0817             0.0000     0.052    0.170    14.81   27.30
          UBC_284  4    0.5300   0.0818             0.0000     0.112    0.114     6.98   25.84
      Ruprecht_91 23    0.3954   0.0819             0.0000    -0.032    0.161    13.17   28.66
          SAI_113 10    0.5223   0.0820             0.0000     0.023    0.108    10.44   25.29
          UBC_266 19    0.4238   0.0822             0.0000    -0.022    0.107    -4.68   19.48
      Trumpler_25 21    0.5256   0.0822             0.0000     0.094    0.169   -22.65   29.16
         NGC_5925  3    0.4701   0.0822             0.0000    -0.021    0.300   -21.25   21.09
          UBC_441 10    0.4250   0.0823             0.0000    -0.182    0.216    32.34   34.26
          UBC_220  4    0.3407   0.0825             0.0000    -0.221    0.142    42.91   23.98
      Trumpler_17 13    0.4134   0.0826             0.0000    -0.060    0.137     3.93   22.31
     Ruprecht_161 21    0.3738   0.0826             0.0000    -0.086    0.205    15.30   22.21
          ASCC_21 23    0.3692   0.0831             0.0271    -0.156    0.258    30.95   31.40
         FSR_1595  8    0.4712   0.0833             0.0000     0.048    0.155   -12.37   21.75
      Gulliver_52  6    0.4612   0.0836             0.0000    -0.004    0.077     7.82   36.71
            UBC_7  3    0.2611   0.0836             0.0488    -0.160    0.109    65.44   26.88
          UBC_503 29    0.4148   0.0836             0.0000    -0.040    0.142    11.22   24.24
    Collinder_258  3    0.4481   0.0836             0.0000    -0.094    0.107   -37.04   52.88
      Teutsch_103 10    0.4134   0.0836             0.0000    -0.145    0.204    27.64   28.90
          UBC_258 37    0.4059   0.0838             0.0000    -0.040    0.170    10.18   22.87
            BH_67  3    0.4312   0.0839             0.0000     0.065    0.247    16.18   27.46
      Gulliver_39  9    0.4322   0.0840             0.0000    -0.019    0.108     3.29   19.75
         Bochum_6 11    0.4265   0.0840             0.0000    -0.101    0.117    48.07   16.11
           DBSB_6  3    0.4373   0.0840             0.0000    -0.065    0.129    52.55   23.05
         NGC_5138  4    0.2497   0.0843             0.0485    -0.218    0.287     1.67   45.14
          UBC_102  6    0.4968   0.0844             0.0000     0.049    0.116    32.49   19.25
          UBC_292 25    0.4835   0.0844             0.0000     0.014    0.181   -19.81   25.36
      Trumpler_14  7    0.4023   0.0846             0.0000    -0.027    0.139     3.85   19.15
          UPK_398  6    0.2595   0.0847             0.0000    -0.082    0.205    34.81   49.37
         FSR_1335  7    0.3347   0.0853             0.0000    -0.233    0.208    54.10   15.78
    Collinder_185 22    0.3952   0.0854             0.0000    -0.143    0.167    35.90   24.26
      Berkeley_32 36    0.3408   0.0855             0.0000    -0.258    0.195    56.09   32.31
       Teutsch_61 10    0.3597   0.0855             0.0000    -0.041    0.136    42.03   14.91
          UBC_632 27    0.4298   0.0856             0.0000    -0.131    0.191    46.51   35.05
         FSR_1750  7    0.5219   0.0858             0.0000     0.186    0.099   -39.07   37.80
          UBC_264 13    0.4168   0.0861             0.0000    -0.014    0.099    -1.91   24.98
      Melotte_101 30    0.4187   0.0861             0.0000    -0.025    0.170    -2.47   22.32
          UBC_654 12    0.4520   0.0861             0.0142    -0.115    0.185    -0.51   20.02
         Alessi_5 12    0.4566   0.0862             0.0471    -0.045    0.223    13.73   24.53
          LP_2068  6    0.5448   0.0864             0.0000     0.051    0.085    -6.59   34.35
         NGC_6204  5    0.4198   0.0865             0.0000     0.070    0.051   -19.19   15.95
         NGC_2232 42    0.4078   0.0867             0.0000    -0.190    0.222    34.21   34.17
          UBC_497 13    0.4483   0.0869             0.0000     0.008    0.134     7.73   19.08
          SAI_108  3    0.4483   0.0869             0.0580    -0.015    0.081     7.78   24.38
       Czernik_39 18    0.5085   0.0872             0.0000     0.062    0.138    -1.70   36.53
       vdBergh_85 12    0.3484   0.0874             0.0000    -0.175    0.228    31.58   35.86
         NGC_2244  4    0.2995   0.0874             0.0000     0.035    0.146    35.19   62.83
          UBC_228 26    0.4355   0.0876             0.0000    -0.132    0.178    53.19   37.55
          UBC_656 11    0.4581   0.0878             0.0503    -0.031    0.229    13.73   25.72
         NGC_2588 10    0.4145   0.0880             0.0000    -0.125    0.161    61.58   25.69
          UBC_324 20    0.4921   0.0881             0.0000     0.127    0.107   -29.23   30.76
          UBC_286  5    0.5040   0.0881             0.0000     0.022    0.067    -5.32   14.50
         FSR_1252 10    0.3435   0.0881             0.0547    -0.197    0.130    55.04   18.45
         FSR_1586 19    0.4003   0.0885             0.0000    -0.029    0.160     8.75   41.06
          UBC_199 13    0.3700   0.0888             0.0000    -0.103    0.172    19.05   70.67
          UBC_550  7    0.4967   0.0889             0.0000     0.043    0.136    -3.47   30.16
           Hogg_4 22    0.3976   0.0889             0.0000    -0.064    0.148    18.68   21.54
       vdBergh_80 15    0.3601   0.0891             0.0000    -0.094    0.155    32.57   27.06
       Haffner_26 16    0.3912   0.0891             0.0000    -0.100    0.234    62.15   23.72
         NGC_6124  7    0.3934   0.0893             0.0000    -0.050    0.151     1.35   41.51
          UPK_630 11    0.5178   0.0894             0.0000     0.108    0.107   -20.93   29.47
         FSR_1419 20    0.3458   0.0897             0.0000    -0.070    0.183    34.99   28.22
          UBC_349  4    0.5021   0.0899             0.0000     0.032    0.143    29.74   13.61
         Basel_18  9    0.4333   0.0901             0.0000    -0.050    0.097   -21.92   28.22
         NGC_2287  9    0.4572   0.0902             0.0000    -0.139    0.217    77.30   65.11
          UBC_345 13    0.5236   0.0903             0.0000     0.115    0.169   -14.60   26.58
          UBC_260 26    0.4218   0.0908             0.0000    -0.169    0.275    23.31   41.50
          UBC_504  8    0.4358   0.0908             0.0328     0.075    0.136     7.10   16.08
          UBC_354 20    0.4972   0.0909             0.0096    -0.012    0.143    -4.46   23.72
        Pismis_15 17    0.3584   0.0909             0.0590    -0.216    0.195    28.11   31.43
          UBC_533 10    0.5508   0.0911             0.0000     0.053    0.220   -36.07   30.46
         NGC_2972  6    0.2419   0.0916             0.0250     0.002    0.056    16.84   21.76
          LP_2117 19    0.4972   0.0917             0.0241    -0.002    0.139    -2.02   21.62
      Gulliver_27 19    0.3022   0.0918             0.0000    -0.043    0.164     9.42   23.84
      Ruprecht_97 16    0.4341   0.0918             0.0000    -0.000    0.190   -10.03   15.52
            BH_54  5    0.2757   0.0920             0.0000    -0.118    0.298    23.55   30.53
         Lynga_14 14    0.3726   0.0920             0.0000     0.026    0.152   -35.98   26.98
          UBC_660 20    0.4305   0.0922             0.0000    -0.018    0.180    -6.98   22.28
      Ruprecht_82 16    0.3000   0.0923             0.0000    -0.070    0.144     1.33   25.69
          UBC_303 21    0.4143   0.0923             0.0000     0.005    0.205   -22.87   31.56
             DC_5 17    0.3779   0.0925             0.0430    -0.054    0.138     9.19   18.57
           UBC_93 37    0.4160   0.0926             0.0000     0.018    0.169   -10.33   31.23
          ASCC_97  5    0.4080   0.0926             0.0000    -0.014    0.168    17.46   32.69
      Berkeley_78 24    0.3790   0.0926             0.0609    -0.204    0.171    45.91   24.65
          UBC_557 11    0.5173   0.0928             0.0000     0.149    0.092   -29.92   37.18
         Alessi_8 10    0.5612   0.0928             0.0000     0.126    0.149   -35.84   37.14
          UBC_210 11    0.5034   0.0931             0.0000    -0.075    0.248    32.32   31.46
         FSR_1032  6    0.3729   0.0932             0.0000    -0.133    0.283    37.69   32.96
       Czernik_26 33    0.3458   0.0935             0.0311    -0.138    0.173    45.16   38.24
          IC_2602 60    0.3778   0.0937             0.0538    -0.083    0.175     3.65   22.05
          Danks_1  5    0.4308   0.0938             0.0000     0.005    0.072   -33.17   11.51
          UBC_289  6    0.3842   0.0941             0.0000    -0.035    0.116    -9.72   15.77
          IC_2391  9    0.4024   0.0942             0.0000    -0.047    0.120    22.07   16.72
         NGC_6250  8    0.5330   0.0942             0.0000     0.114    0.132   -33.84    4.76
         NGC_6178 19    0.5058   0.0942             0.0000     0.082    0.112   -31.47   31.20
            UPK_4  5    0.4652   0.0942             0.0708    -0.003    0.055    -2.53   23.86
          UBC_270 14    0.3886   0.0944             0.0000    -0.033    0.127     0.42   21.95
         Muzzio_1 17    0.4038   0.0944             0.0577    -0.038    0.162    20.58   23.05
          UBC_509 12    0.3635   0.0944             0.0000    -0.115    0.151    -6.39   24.59
         NGC_6167 19    0.5001   0.0945             0.0000     0.094    0.136   -29.43   34.48
          UBC_482  5    0.5589   0.0945             0.0000    -0.020    0.077    40.28   12.86
         NGC_2318  9    0.3620   0.0947             0.0000    -0.104    0.241    59.93   28.28
         NGC_6152 17    0.4567   0.0948             0.0000     0.101    0.132   -50.88   25.69
         NGC_5749  8    0.4823   0.0950             0.0000    -0.010    0.201   -20.38   21.12
           BH_202  4    0.4984   0.0953             0.0000     0.098    0.049   -28.83   27.74
      Trumpler_19 12    0.4234   0.0953             0.0000    -0.058    0.185   -15.92   19.98
          UBC_512 13    0.4190   0.0954             0.0000     0.007    0.156    -4.57   19.10
      Ruprecht_61 17    0.4472   0.0958             0.0000    -0.177    0.144    51.77   23.70
          ASCC_73  4    0.5046   0.0958             0.0000    -0.169    0.384    23.20   59.84
       Ruprecht_1 27    0.3359   0.0958             0.0557    -0.187    0.238    45.99   37.55
         NGC_2587  7    0.4244   0.0958             0.0000    -0.205    0.257    61.50   33.47
      Ruprecht_83  4    0.4357   0.0959             0.0000    -0.001    0.114     8.38   47.27
         NGC_3255 20    0.4529   0.0959             0.0000    -0.030    0.199    14.98   33.31
       ESO_130_08 18    0.4238   0.0960             0.0327    -0.071    0.176    -7.86   23.00
            BH_78  8    0.3894   0.0960             0.0000     0.047    0.221    16.82   17.48
      Ruprecht_54 35    0.3976   0.0961             0.0000    -0.146    0.179    53.41   27.26
          UBC_239 26    0.3479   0.0962             0.0391    -0.133    0.211    53.56   26.06
          Danks_2  4    0.3980   0.0962             0.0000    -0.002    0.082   -32.17   13.04
         NGC_3105 11    0.3832   0.0963             0.0162    -0.015    0.129    18.45   19.58
          UBC_216 19    0.3034   0.0965             0.0000    -0.150    0.234    55.00   30.94
         DBSB_104  5    0.5322   0.0965             0.0000     0.032    0.131   -36.86   45.25
         Stock_16 16    0.4569   0.0966             0.0000     0.061    0.161   -21.42   37.19
          UBC_646 28    0.3483   0.0967             0.0000    -0.159    0.226    50.02   33.17
         NGC_2527  9    0.3481   0.0967             0.0000    -0.198    0.188    50.37   22.06
       Gulliver_1 20    0.3404   0.0970             0.0219    -0.071    0.202     9.36   31.34
        Haffner_9 12    0.2758   0.0973             0.0457    -0.150    0.209    57.04   24.50
      Ruprecht_78 20    0.4113   0.0977             0.0000    -0.080    0.210    29.61   20.37
          UBC_541 18    0.5057   0.0977             0.0000     0.054    0.133   -13.24   26.04
         NGC_2632 15    0.3923   0.0977             0.0000    -0.146    0.205    19.27   21.98
       Teutsch_44 18    0.4472   0.0978             0.0000    -0.096    0.190    19.37   28.42
         Stock_14 11    0.4630   0.0978             0.0000    -0.014    0.161   -14.34   17.24
          UBC_652  7    0.4595   0.0978             0.0000    -0.042    0.167     6.70   23.44
           LP_930  6    0.4082   0.0979             0.0000    -0.060    0.251    14.79   17.63
          UBC_250 31    0.3887   0.0982             0.0000    -0.127    0.195    21.15   24.60
        Alessi_59  6    0.3932   0.0984             0.0366    -0.210    0.173    42.11   43.45
     Ruprecht_121 20    0.5541   0.0985             0.0360     0.142    0.105   -38.42   27.11
          UBC_344 16    0.5086   0.0985             0.0000     0.081    0.164     6.49   34.21
          UBC_562 12    0.4306   0.0987             0.0000    -0.005    0.166   -12.36   28.65
         NGC_2670  9    0.4191   0.0988             0.0000    -0.120    0.122    28.34   18.74
         NGC_2548 19    0.4041   0.0988             0.0367    -0.109    0.197    37.54   30.74
          LP_2094  7    0.4795   0.0990             0.0000    -0.021    0.182    -0.54   16.43
       ESO_211_03 18    0.3852   0.0990             0.0369    -0.054    0.162    19.78   22.39
          UBC_554  8    0.4820   0.0994             0.0741    -0.031    0.203   -30.77   31.78
          UBC_285 19    0.3459   0.0994             0.0000    -0.082    0.208   -10.38   26.58
           UPK_12 29    0.3832   0.0998             0.0483    -0.179    0.192     7.33   41.37
      Patchick_90 58    0.3516   0.0999             0.0000    -0.123    0.195    39.53   34.31
         NGC_6087 25    0.4194   0.1000             0.0000    -0.081    0.238   -47.58   42.49
          UBC_281 18    0.4118   0.1002             0.0000    -0.016    0.176   -10.78   30.32
          UBC_276 13    0.4356   0.1003             0.0000     0.012    0.196    -2.92   16.61
      Trumpler_16  6    0.4105   0.1003             0.0000    -0.016    0.148     6.98   18.91
       ESO_313_03  4    0.4630   0.1004             0.0418     0.003    0.025    37.69   32.81
          UBC_644 24    0.3839   0.1005             0.0000    -0.145    0.141    53.50   28.54
         NGC_4052  6    0.4262   0.1006             0.0000     0.012    0.171     1.13   16.47
         NGC_2567 35    0.3714   0.1007             0.0037    -0.211    0.214    66.08   34.96
      Teutsch_106 15    0.4307   0.1008             0.0000    -0.041    0.111     1.75   27.39
         NGC_3324 27    0.3832   0.1010             0.0691    -0.034    0.161     5.66   25.98
         NGC_6231 11    0.4832   0.1012             0.0000     0.026    0.207   -16.63   29.94
          UPK_552 20    0.3697   0.1012             0.0000    -0.104    0.182    26.31   30.65
        Platais_9 22    0.3250   0.1013             0.0668    -0.120    0.199    27.91   20.80
         NGC_4337 20    0.3971   0.1015             0.0000    -0.006    0.188   -10.81   28.58
         NGC_2262 10    0.3015   0.1015             0.0684    -0.179    0.163    44.79   27.89
         FSR_1253 25    0.3890   0.1017             0.0648    -0.165    0.160    46.87   30.71
      Ruprecht_45 13    0.3628   0.1017             0.0000    -0.223    0.144    55.48   36.80
       Gulliver_9  9    0.3268   0.1018             0.0320    -0.179    0.250    29.12   15.56
      Ruprecht_60 13    0.3588   0.1023             0.0000    -0.085    0.172    32.38   26.03
         NGC_6444  4    0.3818   0.1023             0.0419     0.025    0.281     3.93   24.70
            BH_90  5    0.3852   0.1024             0.0726    -0.049    0.255    12.71   25.36
     Ruprecht_145 16    0.3236   0.1027             0.0693    -0.070    0.174   -25.97   33.84
          UBC_620  9    0.4730   0.1027             0.0000    -0.082    0.157    41.20   26.98
          UBC_280 17    0.4545   0.1028             0.0673     0.041    0.193     2.01   19.45
         NGC_6705 18    0.5446   0.1028             0.0000     0.046    0.160     2.16   34.14
           LP_866 14    0.4851   0.1028             0.0000     0.065    0.137   -14.90   36.49
         FSR_0985  9    0.2408   0.1029             0.0458    -0.177    0.176    35.62   44.91
         NGC_2849 10    0.3308   0.1029             0.0620    -0.151    0.269    41.39   28.11
          UBC_531  4    0.4691   0.1030             0.0502     0.025    0.192   -30.40   39.72
          UBC_526 15    0.4496   0.1031             0.0000     0.093    0.167   -22.33   29.86
          UBC_506 17    0.4999   0.1032             0.0000    -0.041    0.207     9.34   16.84
       Teutsch_31 12    0.4836   0.1032             0.0000    -0.017    0.125    17.05   25.87
          UBC_515 14    0.4365   0.1033             0.0000    -0.044    0.207    -9.10   15.81
          UBC_517 26    0.4579   0.1035             0.0000    -0.005    0.165   -15.30   21.58
    Collinder_271 31    0.4206   0.1039             0.0000     0.024    0.159   -18.82   29.26
          UBC_261 26    0.4498   0.1040             0.0727     0.019    0.113    -0.02   17.64
          UBC_315 13    0.4523   0.1040             0.0000     0.134    0.119   -37.56   22.30
          UBC_272  8    0.4236   0.1042             0.0286    -0.078    0.191     0.04   30.81
          UBC_474 18    0.4681   0.1042             0.0000    -0.024    0.178    53.11   25.91
         NGC_1817 51    0.3619   0.1043             0.0417    -0.156    0.174    32.42   38.12
          UBC_442 16    0.2898   0.1045             0.0084    -0.112    0.244    41.11   29.48
           UBC_82  9    0.4652   0.1045             0.0000    -0.210    0.214    48.66   19.13
     Ruprecht_111 11    0.4951   0.1046             0.0464     0.070    0.152   -27.30   24.70
         NGC_2215  5    0.4151   0.1048             0.0000    -0.293    0.097    79.41   39.13
          UBC_206  6    0.2414   0.1049             0.0589    -0.222    0.210    22.66   14.29
          UBC_662 22    0.3782   0.1053             0.0000    -0.003    0.172    -1.13   26.49
         NGC_2225 13    0.3333   0.1054             0.0298    -0.149    0.170    35.71   31.19
          UBC_294 21    0.4910   0.1056             0.0000    -0.023    0.208   -23.54   33.33
         NGC_2251  5    0.2590   0.1058             0.0670    -0.230    0.179    41.35    9.18
          Lynga_6  5    0.4138   0.1059             0.0000     0.124    0.104    -2.96   34.27
          UBC_653 17    0.3847   0.1059             0.0748    -0.087    0.193     8.78   19.11
      Gulliver_40 15    0.4524   0.1060             0.0000    -0.013    0.187     4.90   26.41
          UBC_523 15    0.5032   0.1062             0.0000    -0.046    0.208   -12.78   23.92
           UBC_32 15    0.3534   0.1062             0.0000    -0.001    0.156    10.83   47.56
           LP_198 22    0.3816   0.1063             0.0520    -0.188    0.178    50.61   22.80
          UBC_505 15    0.4717   0.1064             0.0519    -0.041    0.143     4.26   15.38
          UBC_640 21    0.3821   0.1065             0.0000    -0.153    0.156    53.89   19.89
          UBC_262 24    0.4549   0.1065             0.0834    -0.031    0.187     5.75   22.43
         FSR_1663 17    0.4657   0.1066             0.0000     0.013    0.183   -20.45   25.71
         NGC_6025 19    0.4558   0.1066             0.0000    -0.020    0.302   -18.78   59.42
         NGC_6755 17    0.5201   0.1067             0.0000     0.061    0.147     0.54   34.21
          UPK_542  9    0.3990   0.1068             0.0000    -0.150    0.206    19.45   23.39
           BH_111 29    0.4242   0.1069             0.0000     0.003    0.181     2.14   22.21
          UBC_473 23    0.3864   0.1069             0.0000    -0.179    0.112    57.87   28.62
          UPK_614 19    0.4615   0.1070             0.0000     0.047    0.169   -25.27   39.86
         NGC_3603  6    0.5802   0.1070             0.0418    -0.022    0.131    -6.93   24.59
          UBC_350  9    0.3155   0.1072             0.0000    -0.106    0.268     9.21   34.57
          UBC_263 17    0.4134   0.1075             0.0276    -0.038    0.139     6.89   27.43
          UBC_572 25    0.4475   0.1076             0.0593    -0.026    0.215   -14.00   28.21
 Alessi_Teutsch_8  9    0.3934   0.1079             0.0403     0.090    0.117    -7.62   15.12
          UBC_645 27    0.3114   0.1081             0.0000    -0.177    0.229    54.82   29.13
          UBC_657 16    0.4609   0.1082             0.0000    -0.031    0.151     3.93   15.93
    Collinder_338 20    0.4988   0.1083             0.0000     0.084    0.114   -22.12   31.30
          ASCC_77 16    0.4346   0.1084             0.0514     0.023    0.173   -20.02   23.51
         NGC_3590 20    0.4314   0.1085             0.0583    -0.089    0.203    -0.47   19.94
    Collinder_359  5    0.4439   0.1085             0.0751    -0.049    0.302     3.15   35.51
          UPK_562  4    0.3569   0.1086             0.0944    -0.194    0.220    26.89   17.18
          UBC_232 39    0.3592   0.1087             0.0577    -0.201    0.186    65.12   28.64
          Hogg_10 28    0.3965   0.1092             0.0642    -0.063    0.199    -1.66   21.47
    Collinder_269 15    0.3418   0.1092             0.0000    -0.083    0.248   -17.79   27.26
       ESO_130_13  6    0.1908   0.1092             0.0000    -0.214    0.345    -7.01   40.37
         NGC_3960 25    0.4356   0.1093             0.0000    -0.083    0.236    -0.21   25.00
          UBC_546 31    0.4030   0.1093             0.0585     0.063    0.165   -20.37   29.87
         NGC_2671 17    0.2763   0.1093             0.0499    -0.084    0.204    33.48   22.20
     Ruprecht_144  7    0.4810   0.1096             0.0000     0.081    0.092     2.68   31.58
          UPK_567 18    0.3892   0.1096             0.0000    -0.080    0.273     7.42   24.72
         NGC_2506 31    0.3251   0.1100             0.0409    -0.205    0.203    51.33   45.64
          UBC_282 19    0.3837   0.1100             0.0218     0.003    0.152   -15.69   21.07
         Loden_46 25    0.4196   0.1102             0.0522    -0.086    0.214    12.72   19.98
          UBC_475 30    0.3190   0.1103             0.0000    -0.167    0.220    52.41   28.69
          UBC_649 26    0.3822   0.1106             0.0000    -0.213    0.184    36.84   36.11
      Trumpler_26 37    0.4969   0.1106             0.0646     0.054    0.159   -14.31   30.59
            BH_99 19    0.3952   0.1107             0.0739    -0.060    0.148     8.86   17.86
          UBC_494  9    0.3983   0.1108             0.0499     0.028    0.167    23.40   20.10
       Juchert_10 16    0.4778   0.1109             0.0550     0.103    0.130   -17.04   24.03
           BH_118 19    0.4248   0.1109             0.0000    -0.037    0.255     2.25   23.98
         FSR_1402 34    0.3118   0.1109             0.0724    -0.163    0.216    51.93   41.01
          UBC_483 18    0.4569   0.1110             0.0944    -0.027    0.155    27.40   20.34
         NGC_3572 27    0.3924   0.1111             0.0702    -0.067    0.206    -1.06   21.38
          UPK_585 77    0.4030   0.1112             0.0000    -0.141    0.237     2.82   34.62
      Berkeley_24  6    0.3490   0.1112             0.0712    -0.245    0.168    18.04   36.75
     Ruprecht_164 15    0.4442   0.1115             0.0000     0.018    0.208     5.62   28.73
       Teutsch_66 18    0.4134   0.1116             0.0000    -0.044    0.128    15.09   20.45
          UBC_299 16    0.4816   0.1116             0.0000     0.115    0.127   -24.87   29.31
      Gulliver_32  9    0.4268   0.1118             0.0000    -0.121    0.108    30.75   42.16
          UBC_668 10    0.4727   0.1118             0.0000     0.093    0.083   -17.25   25.55
         NGC_5823  3    0.6103   0.1120             0.0000    -0.065    0.188   -36.09   44.19
       Haffner_21  7    0.3795   0.1124             0.0000    -0.075    0.164    29.43   20.79
          UBC_561 16    0.4281   0.1124             0.0517     0.042    0.171   -23.41   24.64
      Ruprecht_96 26    0.3829   0.1124             0.0812    -0.025    0.227    -5.69   21.69
      Gulliver_14  5    0.3993   0.1129             0.0000     0.097    0.096   -24.91   40.05
      Ruprecht_44 24    0.3921   0.1129             0.0000    -0.103    0.177    58.81   23.14
     Ruprecht_108 24    0.4916   0.1130             0.0000     0.010    0.179   -25.53   27.30
         NGC_4463  5    0.4496   0.1130             0.0000     0.000    0.111   -19.06   19.68
           UPK_46 24    0.3276   0.1135             0.0779    -0.106    0.227    -7.58   32.65
          UBC_548 21    0.5430   0.1138             0.0681     0.130    0.106   -36.37   27.68
         Basel_17 12    0.2128   0.1139             0.0000    -0.050    0.185    -3.96   30.37
    Collinder_140 28    0.3963   0.1141             0.0472    -0.200    0.167    55.80   25.06
         FSR_1452 20    0.4411   0.1141             0.0816    -0.069    0.140    27.45   17.79
          UBC_212 59    0.3767   0.1142             0.0464    -0.106    0.188    37.35   33.78
         NGC_6469 18    0.3857   0.1143             0.0815    -0.006    0.105    -7.01   39.97
          SAI_109  8    0.2679   0.1143             0.0256    -0.044    0.169     9.88   22.11
         NGC_3033 12    0.3731   0.1144             0.0000     0.051    0.265    26.58   21.94
      Gulliver_36  8    0.4206   0.1144             0.0000    -0.111    0.202    43.01   21.38
          UBC_502 12    0.4253   0.1151             0.0836    -0.051    0.127     7.46   19.20
          UBC_669  9    0.4777   0.1152             0.0234     0.098    0.108   -26.90   22.41
      Gulliver_41 18    0.4428   0.1152             0.0653     0.009    0.138   -12.61   43.66
         NGC_5316 23    0.3867   0.1155             0.0394     0.007    0.172   -12.03   20.83
          Lynga_9 21    0.4440   0.1155             0.0538     0.150    0.097   -34.93   27.67
      Ruprecht_79 12    0.3755   0.1158             0.0000    -0.050    0.176    19.77   29.13
          UBC_508 25    0.4165   0.1160             0.0448    -0.068    0.256    -2.37   23.14
      Trumpler_18 21    0.4405   0.1161             0.0725    -0.065    0.205    -0.84   20.74
       Trumpler_7 13    0.4216   0.1162             0.0000    -0.169    0.151    41.65   35.57
          LP_1994 18    0.4418   0.1162             0.0787    -0.086    0.337    -9.00   33.95
          ASCC_29 28    0.3783   0.1163             0.0666    -0.152    0.215    34.65   28.00
         Graham_1 12    0.4351   0.1163             0.0779    -0.086    0.186     6.50   13.32
           UPK_40 36    0.4276   0.1164             0.0000     0.001    0.219     8.93   38.34
          UBC_500 16    0.4049   0.1166             0.0825    -0.114    0.232     4.99   26.12
          UPK_607  8    0.4132   0.1166             0.0000    -0.105    0.251    -7.67   37.15
      Trumpler_21  9    0.3570   0.1167             0.0000     0.055    0.188   -15.04   22.85
      Gulliver_34 13    0.2140   0.1170             0.0000    -0.076    0.200    -3.65   29.10
          UPK_604  7    0.4792   0.1170             0.0332     0.128    0.183   -24.51   17.25
           UPK_31 15    0.4570   0.1172             0.0566    -0.037    0.214    36.24   30.76
           Dias_6 16    0.4287   0.1172             0.0664    -0.010    0.134   -12.29   44.80
         NGC_2186  9    0.3661   0.1175             0.0000    -0.068    0.168    23.26   23.67
         Saurer_2  5    0.2293   0.1175             0.0000    -0.107    0.095    53.82   24.32
          UBC_492 22    0.3883   0.1176             0.0748    -0.062    0.173    25.19   23.00
     Ruprecht_107 12    0.5041   0.1177             0.0642    -0.009    0.176   -19.54   26.45
      Gulliver_13 11    0.3695   0.1178             0.0000    -0.062    0.184    55.55   29.83
     Ruprecht_143 23    0.4873   0.1179             0.0790     0.096    0.128    -1.72   33.68
        Pismis_17 12    0.4826   0.1179             0.0000    -0.060    0.111     3.02   35.37
         NGC_4852 28    0.4428   0.1181             0.0349    -0.010    0.133   -16.91   25.46
      Trumpler_13 28    0.4363   0.1183             0.0352    -0.088    0.199    13.85   31.32
       ESO_559_13  8    0.3263   0.1186             0.0666    -0.244    0.131    51.36   21.74
          UBC_661  4    0.3150   0.1186             0.0765    -0.026    0.050    -7.43   19.66
            BH_19  6    0.4844   0.1187             0.0686    -0.189    0.181    46.03   24.59
          ASCC_58 14    0.3803   0.1192             0.0000    -0.039    0.180    -2.42   19.13
         NGC_2204 54    0.3228   0.1193             0.0757    -0.269    0.196    57.20   33.72
          UBC_452  4    0.5510   0.1195             0.0630    -0.028    0.263    70.04   20.27
      Trumpler_11  8    0.3845   0.1197             0.0000    -0.099    0.189    20.01   21.62
      Gulliver_35 21    0.4586   0.1197             0.0788     0.005    0.124    15.32   13.66
           UBC_95 16    0.3811   0.1197             0.0880    -0.028    0.113    -9.88   29.97
     Collinder_74 31    0.4067   0.1202             0.0000    -0.148    0.170    30.90   24.45
         NGC_6281 23    0.4617   0.1204             0.0828     0.079    0.122   -25.81   24.86
        Pismis_19 10    0.3962   0.1204             0.0890    -0.008    0.197   -21.83   18.78
          Mayer_3  6    0.3885   0.1205             0.0899    -0.247    0.147    50.15   14.24
      Melotte_105 20    0.4083   0.1205             0.0000     0.000    0.188     1.92   23.07
          UBC_313 41    0.4457   0.1206             0.0557     0.052    0.160   -31.15   28.73
          UBC_659 19    0.4349   0.1208             0.0817    -0.058    0.189    -6.33   23.79
          UBC_524  9    0.3814   0.1212             0.0000    -0.082    0.269   -15.31   26.31
      Berkeley_75 27    0.4127   0.1216             0.0363    -0.206    0.250    69.35   25.51
          UBC_314 21    0.5138   0.1219             0.0000     0.090    0.122   -18.92   28.08
          UBC_355 12    0.4305   0.1219             0.0897    -0.049    0.144    -7.28   21.41
          UBC_545  6    0.3699   0.1222             0.0704     0.081    0.105   -17.21   48.68
     Teutsch_143a 17    0.4458   0.1223             0.0798    -0.036    0.166    -4.79   24.23
       Melotte_22 17    0.4240   0.1223             0.0000    -0.171    0.161    -8.09   34.49
          UBC_520 20    0.3936   0.1225             0.0540    -0.078    0.267    -5.84   40.43
    Collinder_272  8    0.3268   0.1226             0.0000    -0.124    0.245   -15.38   51.44
          SAI_116 24    0.4006   0.1226             0.0796    -0.022    0.234    -6.37   22.98
           BH_121 12    0.3249   0.1230             0.0000    -0.115    0.259     5.76   25.22
          UBC_672 14    0.4555   0.1231             0.0000     0.069    0.186   -29.06   29.05
            BH_85 13    0.3816   0.1238             0.0600    -0.081    0.170    17.92   19.83
      Trumpler_10 18    0.3426   0.1238             0.0836    -0.095    0.199    28.28   30.87
          UBC_522 12    0.4246   0.1238             0.0756     0.004    0.109    -9.42   25.72
          ASCC_85  4    0.6060   0.1240             0.0687    -0.006    0.295    -4.77   26.91
         NGC_2360 10    0.3973   0.1240             0.0725    -0.204    0.173    66.64   30.36
           UPK_45 54    0.3946   0.1241             0.0475    -0.103    0.216    17.86   45.05
    Kronberger_25 10    0.3676   0.1245             0.0594     0.081    0.124   -17.45   33.36
            BH_84 22    0.4636   0.1246             0.0821     0.030    0.136    14.69   13.30
          Lynga_3 15    0.4470   0.1252             0.0860     0.026    0.168   -24.16   28.33
         NGC_6704 11    0.3845   0.1252             0.0665     0.035    0.212   -18.27   45.42
          UBC_642 33    0.3453   0.1256             0.0914    -0.112    0.257    41.29   36.60
      Trumpler_34  7    0.4602   0.1260             0.1011     0.023    0.200    11.25   28.12
          UBC_648 35    0.3685   0.1268             0.0772    -0.178    0.224    44.37   30.50
      Trumpler_12 32    0.4033   0.1270             0.0925    -0.034    0.187     6.70   24.74
     Ruprecht_135 13    0.4102   0.1273             0.0000     0.006    0.201     4.94   42.99
      Gulliver_58 13    0.4492   0.1276             0.0529     0.004    0.117   -13.59   24.47
          UBC_511 39    0.3760   0.1278             0.1043    -0.100    0.227     9.21   27.77
     Ruprecht_167 10    0.3808   0.1279             0.1019     0.017    0.203    -9.80   33.99
     Ruprecht_117 33    0.4422   0.1283             0.0685     0.066    0.152   -35.65   26.43
          UBC_510 15    0.4934   0.1283             0.0678    -0.026    0.188    -4.31   27.78
          UBC_655 16    0.3983   0.1286             0.0396    -0.047    0.257     5.10   25.55
          UBC_527  9    0.4365   0.1288             0.0000    -0.004    0.150   -17.03   19.83
          UPK_629 39    0.4001   0.1288             0.0527    -0.209    0.399   -37.93   40.88
          UBC_273 15    0.4173   0.1291             0.0515     0.038    0.186     3.57   16.91
          UBC_343  8    0.5060   0.1294             0.0781     0.136    0.130    -2.00   27.29
          LP_2100 18    0.4911   0.1296             0.0922     0.082    0.236   -24.41   22.17
          UBC_318  8    0.5343   0.1298             0.0000     0.138    0.085   -27.14   12.84
        Alessi_43 12    0.3688   0.1300             0.0555    -0.051    0.184    24.91   21.62
      Ruprecht_71  7    0.4341   0.1303             0.0000    -0.143    0.150    38.74   27.45
       Teutsch_84  5    0.4300   0.1304             0.1063    -0.062    0.218   -48.00   21.30
      Ruprecht_43 16    0.3800   0.1305             0.0291    -0.140    0.177    60.51   24.23
           UPK_17  5    0.4381   0.1305             0.0000     0.023    0.250   -33.03   18.21
        Ferrero_1 22    0.3378   0.1306             0.0000    -0.174    0.152   -11.06   75.62
          Basel_8 12    0.2906   0.1308             0.0836    -0.103    0.123    33.06   29.10
          IC_2948  9    0.3295   0.1311             0.0000    -0.109    0.273     8.95   26.41
          UBC_295 17    0.4738   0.1317             0.0999     0.007    0.191   -16.85   26.58
        Loden_372 23    0.4439   0.1317             0.1021    -0.019    0.147     0.40   17.45
         NGC_3680 10    0.3797   0.1317             0.0723    -0.124    0.332    18.76   45.09
          UPK_540 50    0.3631   0.1318             0.0000    -0.140    0.212    39.43   36.55
          UPK_642 13    0.4272   0.1318             0.0000    -0.033    0.154   -20.87   40.16
         FSR_1380 16    0.4694   0.1319             0.1027    -0.015    0.124    34.86   27.07
          UBC_514 34    0.4496   0.1319             0.0848    -0.088    0.228     9.17   28.80
       Harvard_13 28    0.5055   0.1319             0.0843     0.001    0.160   -30.22   35.04
          ASCC_87  7    0.2859   0.1325             0.1182    -0.124    0.302   -42.48   35.88
         Ivanov_8 12    0.3205   0.1327             0.0924    -0.206    0.208    40.89   19.08
          ASCC_79 17    0.4072   0.1330             0.0661     0.063    0.127   -17.18   26.82
          UPK_579 27    0.3576   0.1330             0.1055    -0.147    0.223    -7.06   30.69
          Hogg_17 16    0.4292   0.1332             0.0967     0.032    0.160   -24.90   22.50
           UPK_38 11    0.4528   0.1334             0.0000     0.056    0.164    -4.94   26.87
    Collinder_277 39    0.3823   0.1335             0.0901    -0.062    0.206   -15.18   31.19
         Turner_5 42    0.3584   0.1336             0.0897    -0.120    0.231    33.50   29.57
           LP_658  8    0.2944   0.1339             0.0263    -0.129    0.244    46.72   18.51
       ESO_312_03 15    0.4390   0.1340             0.0715     0.011    0.100    37.48   17.96
          UBC_467 17    0.4082   0.1343             0.0462    -0.185    0.192    57.06   33.02
          UBC_317 13    0.4938   0.1347             0.0000     0.098    0.078   -17.28   23.09
          UBC_252 33    0.3140   0.1348             0.1044    -0.140    0.209    28.55   28.63
         Alessi_9  5    0.4952   0.1354             0.0818    -0.085    0.196   -57.46   69.70
        Alessi_13  3    0.4122   0.1365             0.1117    -0.038    0.250    32.49   52.67
         FSR_1063 15    0.3897   0.1367             0.1052    -0.108    0.107    45.75   21.61
         Pismis_2  6    0.2830   0.1368             0.1126    -0.108    0.241    57.42   38.26
           LP_403 20    0.4963   0.1368             0.0688    -0.047    0.204     7.01   23.21
      Berkeley_25 19    0.1481   0.1369             0.0972    -0.112    0.209    33.48   25.74
       Teutsch_80  6    0.3628   0.1370             0.0987     0.057    0.109   -19.58   14.21
          LP_2238 14    0.4608   0.1373             0.0776    -0.017    0.267    -2.14   25.34
          IC_4756 19    0.4346   0.1374             0.0851    -0.084    0.303    -6.30   44.77
          Hogg_18 15    0.3074   0.1381             0.0967    -0.100    0.253   -24.09   31.46
          UBC_638 27    0.3170   0.1384             0.0846    -0.327    0.481    65.34   31.79
          UBC_637 27    0.3170   0.1384             0.0846    -0.327    0.481    65.34   31.79
          UBC_513 14    0.4830   0.1385             0.0564    -0.003    0.128    14.19   19.47
          IC_2395 15    0.3474   0.1385             0.0763    -0.127    0.194    24.77   24.16
           Sher_1 14    0.3914   0.1388             0.0759    -0.139    0.298    -2.58   32.36
          Hogg_21  7    0.5761   0.1391             0.0000     0.125    0.075   -22.94   14.14
         NGC_1901 19    0.2330   0.1391             0.1074    -0.247    0.335    56.57   76.54
          IC_4651 18    0.3441   0.1392             0.0563    -0.046    0.228   -15.05   42.32
Andrews_Lindsay_5  4    0.6340   0.1396             0.0730     0.022    0.104     8.57   36.20
     Westerlund_1  8    0.5316   0.1397             0.0958    -0.051    0.205   -13.24   49.49
          ASCC_16 27    0.3802   0.1400             0.1143    -0.089    0.198    27.68   34.57
         NGC_6631 14    0.4424   0.1401             0.0763     0.062    0.170     0.18   24.78
          Lynga_1 20    0.4398   0.1403             0.0986     0.096    0.126   -18.01   24.49
         NGC_6728 11    0.3746   0.1404             0.0000    -0.022    0.242     9.21   36.71
          ASCC_66 12    0.3715   0.1407             0.0896    -0.135    0.223     7.18   39.39
     Ruprecht_102  7    0.2635   0.1411             0.0000     0.059    0.191    -2.25   23.76
         NGC_3496 20    0.4254   0.1412             0.0772    -0.069    0.283     0.30   26.62
         NGC_6208 32    0.4448   0.1412             0.0461    -0.001    0.205   -26.49   34.04
       Ruprecht_8  8    0.4267   0.1414             0.0000    -0.059    0.261    50.59   27.90
         NGC_3114 25    0.4127   0.1415             0.0846    -0.078    0.235    13.37   24.28
         NGC_4755 16    0.4694   0.1416             0.0000    -0.020    0.203   -14.57   28.73
         NGC_2184 24    0.2798   0.1416             0.1106    -0.124    0.266    36.22   31.37
         FSR_1580 16    0.4268   0.1417             0.0813    -0.011    0.163    -0.10   15.95
      Ruprecht_94 15    0.3697   0.1419             0.1000    -0.053    0.210     3.87   27.43
     Ruprecht_101 13    0.3191   0.1421             0.0604     0.014    0.125   -18.63   21.61
            BH_92 13    0.3768   0.1424             0.0913     0.006    0.121    10.83   16.63
          UBC_519 13    0.3524   0.1426             0.1139    -0.069    0.290   -11.49   27.65
       ESO_518_03  9    0.4802   0.1429             0.0830    -0.032    0.198   -24.71   25.48
          UPK_578 15    0.4563   0.1429             0.0689    -0.004    0.217   -17.15   21.85
          UPK_624 56    0.3804   0.1432             0.0851    -0.046    0.257   -15.24   34.66
          UBC_663 26    0.3845   0.1438             0.0000    -0.046    0.193   -17.49   26.36
         NGC_2580 33    0.2667   0.1439             0.1185    -0.227    0.189    57.70   30.66
          ASCC_32  8    0.4442   0.1439             0.0817    -0.048    0.240    44.69   28.26
           BH_144 24    0.3934   0.1444             0.0919     0.048    0.149   -19.30   20.44
          LP_1540  8    0.4922   0.1447             0.0787    -0.038    0.126    -7.18   18.65
           UPK_23 22    0.4341   0.1453             0.0983    -0.001    0.172    11.62   43.71
     Ruprecht_147 60    0.4145   0.1466             0.0930    -0.095    0.251    -1.12   46.96
         FSR_1435  6    0.5029   0.1472             0.0854    -0.072    0.170    27.87   33.40
          Lynga_2  6    0.4062   0.1472             0.1293    -0.004    0.197   -24.61   24.95
          UBC_507 32    0.4258   0.1473             0.1137    -0.047    0.174     2.99   21.95
           SAI_94  9    0.5426   0.1478             0.0378     0.004    0.098    46.55   21.28
        Mamajek_4 63    0.3153   0.1491             0.0470    -0.118    0.273   -22.30   48.80
         NGC_5764 27    0.3062   0.1497             0.1164    -0.031    0.226   -31.28   36.41
          ASCC_99 11    0.3919   0.1499             0.1284    -0.101    0.199   -29.62   34.09
          UPK_533 17    0.2485   0.1503             0.1215    -0.149    0.211    37.50   31.62
          UBC_215  9    0.4334   0.1509             0.1090    -0.130    0.305    65.41   25.00
          UBC_283 14    0.3537   0.1510             0.0284    -0.109    0.236    -6.93   30.49
          IC_2488  3    0.4243   0.1515             0.1278    -0.038    0.335    29.78   14.04
            UBC_5 11    0.4132   0.1526             0.1317    -0.127    0.213   -19.50   25.13
        Pismis_18 14    0.4072   0.1534             0.0844     0.000    0.139   -30.80   22.45
       Platais_10  6    0.4130   0.1535             0.0589    -0.005    0.065   -18.84   36.39
          UPK_545 11    0.3619   0.1537             0.0580    -0.118    0.281    34.60   30.26
          UBC_268 33    0.4161   0.1537             0.1109    -0.018    0.175     4.02   23.26
          UBC_560 23    0.4361   0.1540             0.1116     0.042    0.237   -30.80   40.93
          UPK_654 45    0.3745   0.1549             0.1147    -0.133    0.354    -5.57   47.84
         NGC_2243 28    0.3403   0.1549             0.0609    -0.249    0.259    49.83   26.90
          UPK_599 20    0.2398   0.1554             0.0901    -0.164    0.238    -1.56   56.12
         NGC_5715 16    0.3806   0.1555             0.1162     0.043    0.173   -23.23   41.38
           BH_150 17    0.4303   0.1563             0.0953     0.026    0.217    -4.82   28.66
         NGC_2354 14    0.3727   0.1569             0.0000    -0.063    0.238    51.22   28.97
          UPK_606 60    0.4004   0.1571             0.0742    -0.091    0.254    -8.76   45.66
          UPK_587 30    0.3581   0.1573             0.1203    -0.116    0.201    -8.01   34.15
          SAI_118  6    0.4529   0.1590             0.0920     0.015    0.181   -22.11   27.72
     Ruprecht_171 15    0.4664   0.1591             0.1063     0.018    0.207     2.29   29.02
         NGC_2571 41    0.2793   0.1596             0.1285    -0.176    0.205    64.45   30.13
      Trumpler_29 21    0.3555   0.1599             0.1019    -0.063    0.234   -22.31   37.02
          UBC_488 24    0.3374   0.1612             0.1298    -0.059    0.156    29.95   26.77
          IC_4665 49    0.2959   0.1612             0.1409    -0.231    0.304     7.94   56.39
           UPK_24 13    0.3496   0.1613             0.1252    -0.055    0.218     5.05   46.93
         NGC_6568  4    0.3046   0.1618             0.1277    -0.089    0.205   -16.15   25.41
          UBC_498 12    0.3958   0.1641             0.0865    -0.040    0.234    17.79   33.38
          UBC_267  9    0.2915   0.1644             0.1017    -0.090    0.163     1.92   26.57
          UBC_293 15    0.3586   0.1653             0.0608    -0.026    0.191   -15.38   28.27
          UPK_645 17    0.2803   0.1657             0.1448    -0.221    0.543   -17.56   61.84
Alessi_Teutsch_12 85    0.3696   0.1664             0.1296    -0.052    0.245   -22.04   49.46
          UPK_613 15    0.3620   0.1678             0.1363    -0.202    0.419   -37.01   31.68
          UBC_338 14    0.4254   0.1679             0.1509    -0.003    0.181    -1.89   29.73
         FSR_1211 17    0.3082   0.1679             0.0000    -0.186    0.275    63.32   38.60
          UPK_612 74    0.3493   0.1682             0.1308    -0.072    0.245   -15.92   42.13
         NGC_5593 10    0.3874   0.1684             0.1340    -0.101    0.387    -7.50   25.85
          UBC_496 28    0.3448   0.1695             0.1301    -0.142    0.236    20.81   45.78
         NGC_3293 44    0.3568   0.1696             0.1495    -0.028    0.185    15.84   48.11
      Trumpler_22 18    0.3422   0.1697             0.1486    -0.019    0.272   -18.15   29.33
             LP_5 73    0.2738   0.1706             0.1285    -0.132    0.260    11.06   39.38
           UPK_13  7    0.3886   0.1715             0.1516    -0.113    0.201   -15.96   30.74
       ESO_092_05 19    0.3036   0.1718             0.0645    -0.139    0.246    16.67   36.23
         NGC_3330 31    0.3727   0.1723             0.1297    -0.102    0.205    15.78   26.36
         NGC_5288 14    0.4677   0.1738             0.1065     0.070    0.211   -23.94   17.03
          UBC_297 20    0.3485   0.1746             0.1524     0.051    0.149   -25.59   21.67
        Alessi_24 77    0.3662   0.1751             0.1351    -0.188    0.320   -18.55   45.80
           UPK_26  8    0.3152   0.1751             0.1196     0.043    0.248   -11.23   41.50
           Bica_3  9    0.3875   0.1763             0.1518     0.006    0.201   -10.50   26.55
           Dias_2 27    0.3125   0.1764             0.1013    -0.161    0.203    40.94   29.57
         FSR_1407 35    0.2697   0.1789             0.1404    -0.140    0.211    39.63   27.81
          UBC_290 43    0.3407   0.1814             0.1168     0.021    0.172   -16.07   24.08
           UPK_20 14    0.4580   0.1818             0.1393    -0.085    0.502     8.79   28.44
         NGC_6253 80    0.4150   0.1825             0.1549    -0.032    0.281   -26.28   31.09
           UPK_50 14    0.3717   0.1827             0.0915    -0.027    0.248     1.97   27.68
           UBC_11 31    0.3549   0.1869             0.1387    -0.070    0.269   -18.38   36.18
        Bochum_13 10    0.2902   0.1884             0.1749    -0.033    0.256   -41.13   19.65
          UBC_353 10    0.2527   0.1891             0.1460    -0.018    0.146     2.69   14.97
           UBC_14 29    0.2951   0.1921             0.1441    -0.040    0.261     0.01   33.66
         Blanco_1 11    0.5102   0.1945             0.1688    -0.131    0.330    -4.58   40.89
         NGC_6583 29    0.5602   0.2000             0.1467    -0.050    0.154    -7.12   33.61
          UBC_337 50    0.3621   0.2053             0.1800    -0.624    0.734   -22.80   32.27
           UPK_21  4    0.3274   0.2090             0.1958    -0.091    0.364     9.42   16.72
[INFO] === CCT CORE TEST ===
[INFO] Within-cluster C/O scatter (mean): 0.1041
[INFO] Between-cluster C/O scatter (std): 0.0708
[INFO] CCR=0.68  [NO SIGNAL]
[INFO] Kruskal-Wallis H=1170.809  p=0.0
[INFO] Coherent clusters (<0.05 dex): 34/655
[INFO]       cluster  N  C_O_mean  C_O_std  intrinsic_scatter  feh_mean  feh_std  rv_mean  rv_std
     NGC_2362  3    0.4903   0.0030                0.0    -0.001    0.177    50.19   20.12
    Alessi_15  4    0.4456   0.0122                0.0    -0.117    0.115    31.43   37.01
   Melotte_25  3    0.4542   0.0229                0.0    -0.159    0.164    56.61   19.86
  Trumpler_35  6    0.4146   0.0249                0.0    -0.085    0.155    15.72   22.33
Collinder_268  3    0.5135   0.0262                0.0     0.014    0.238   -38.04   37.67
     FSR_1085  3    0.4045   0.0291                0.0    -0.205    0.168    67.20   39.88
       UBC_80  4    0.3686   0.0298                0.0    -0.183    0.117    56.97   16.15
      UBC_291  6    0.4917   0.0305                0.0     0.102    0.112    -8.14   22.24
   Tombaugh_2  5    0.4527   0.0309                0.0    -0.141    0.135    86.73   23.25
     NGC_5460 16    0.4138   0.0318                0.0     0.057    0.130     1.86   28.84
    Pismis_21 11    0.2142   0.0329                0.0    -0.046    0.285   -21.08   27.76
     NGC_2660  6    0.3990   0.0336                0.0    -0.154    0.198    28.68   27.19
     NGC_2547  7    0.4762   0.0347                0.0    -0.022    0.091    31.28   27.91
      ASCC_41  5    0.4606   0.0356                0.0    -0.190    0.217    39.76   34.10
     NGC_2658  4    0.4574   0.0362                0.0    -0.187    0.164    39.79   15.55
     DBSB_101  6    0.5400   0.0367                0.0    -0.009    0.205    10.79   39.17
     NGC_5269  4    0.5134   0.0369                0.0     0.064    0.143   -32.53   15.96
     NGC_5281  3    0.5490   0.0380                0.0     0.070    0.119   -34.42   14.34
     NGC_2335  4    0.4180   0.0384                0.0    -0.109    0.233    38.88   19.34
     FSR_1591  6    0.4355   0.0388                0.0    -0.085    0.126     0.39   34.01
   Czernik_25  4    0.3805   0.0390                0.0    -0.238    0.133    58.49   23.93
     NGC_5381  5    0.4140   0.0397                0.0     0.001    0.172   -27.94   24.66
    Pismis_20  7    0.2145   0.0398                0.0    -0.024    0.358   -32.30   19.04
      UBC_549  3    0.3513   0.0402                0.0     0.053    0.038   -20.51   18.32
     NGC_6645  7    0.4390   0.0416                0.0     0.012    0.205   -13.49   37.52
 Ruprecht_100  4    0.4300   0.0428                0.0    -0.053    0.130     4.37   33.80
       BH_217  3    0.4580   0.0430                0.0     0.069    0.072   -15.81   12.20
     NGC_6756  6    0.4746   0.0433                0.0     0.044    0.121   -24.52   37.32
Collinder_205  6    0.5174   0.0435                0.0     0.067    0.251    37.97   30.22
      UBC_495  3    0.4575   0.0437                0.0    -0.090    0.199    21.94    3.05
     NGC_2301  4    0.4162   0.0441                0.0    -0.184    0.164    52.94   18.51
      UBC_622 16    0.4217   0.0441                0.0    -0.118    0.171    38.28   34.68
    Haffner_4  4    0.4697   0.0474                0.0     0.021    0.055    57.92   27.61
     NGC_5822  6    0.4627   0.0477                0.0     0.073    0.121   -37.02   28.64
[INFO] RV KCR=1.038  [SUPPORTS CCT]
[INFO] Plot saved: t9_cluster_coherence_plot.png
[INFO] Matched stars saved: t9_matched_stars.csv
[INFO] === T9 SUMMARY ===
[INFO] Clusters with >=3 GALAH members: 655
[INFO] CCR=0.68  [NO SIGNAL]
[INFO] Coherent clusters (<0.05 dex): 34/655
[INFO] DONE
